1 26 34 2 34 56 12 56 342 4 23 6 83 95 30 94
2 26 34 2 34 56 12 56 342 94 23 6 83 95 30 94
3 26 34 2 34 56 12 56 342 49 23 6 83 95 30 94
4 26 34 2 34 56 12 56 342 46 23 6 83 95 30 94
5 26 34 2 34 56 12 56 342 43 23 6 83 95 30 94
6 26 34 2 34 56 12 56 342 45 23 6 83 95 30 94
7 26 34 2 34 56 12 56 342 41 23 6 83 95 30 94
8 26 34 2 34 56 12 56 342 43 23 6 83 95 30 94
9 26 34 2 34 56 12 56 342 4 23 6 83 95 30 94
10 26 34 2 34 56 12 56 342 4 23 6 83 95 30 94
11 26 34 2 34 56 12 56 342 4 23 6 83 95 30 94
12 26 34 2 34 56 12 56 342 4 23 6 83 95 30 94
13 26 34 2 34 56 12 56 342 4 23 6 83 95 30 94
14 26 34 2 34 56 12 56 342 4 23 6 83 95 30 94
15 26 34 2 34 56 12 56 342 4 23 6 83 95 30 94
16 26 34 2 34 56 12 56 342 4 23 6 83 95 30 94
1 26 34 2 34 56 12 56 342 4 23 6 83 95 30 94
2 26 34 2 34 56 12 56 342 94 23 6 83 95 30 94
3 26 34 2 34 56 12 56 342 49 23 6 83 95 30 94
4 26 34 2 34 56 12 56 342 46 23 6 83 95 30 94
5 26 34 2 34 56 12 56 342 43 23 6 83 95 30 94
6 26 34 2 34 56 12 56 342 45 23 6 83 95 30 94
7 26 34 2 34 56 12 56 342 41 23 6 83 95 30 94
8 26 34 2 34 56 12 56 342 43 23 6 83 95 30 94
9 26 34 2 34 56 12 56 342 4 23 6 83 95 30 94
10 26 34 2 34 56 12 56 342 4 23 6 83 95 30 94
11 26 34 2 34 56 12 56 342 4 23 6 83 95 30 94
12 26 34 2 34 56 12 56 342 4 23 6 83 95 30 94
13 26 34 2 34 56 12 56 342 4 23 6 83 95 30 94
14 26 34 2 34 56 12 56 342 4 23 6 83 95 30 94
15 26 34 2 34 56 12 56 342 4 23 6 83 95 30 94
16 26 34 2 34 56 12 56 342 4 23 6 83 95 30 94

8 * 8
1 26 34 2 34 56 12 56 
2 26 34 2 34 56 12 56 
3 26 34 2 34 56 12 56 
4 26 34 2 34 56 12 56 
5 26 34 2 34 56 12 56 
6 26 34 2 34 56 12 56 
7 26 34 2 34 56 12 56 
8 26 34 2 34 56 12 56 
1 26 34 2 34 56 12 56 
2 26 34 2 34 56 12 56 
3 26 34 2 34 56 12 56 
4 26 34 2 34 56 12 56 
5 26 34 2 34 56 12 56 
6 26 34 2 34 56 12 56 
7 26 34 2 34 56 12 56 
8 26 34 2 34 56 12 56 
[1201, 5746, 7514, 442, 7514, 12376, 2652, 12376]
[1202, 5772, 7548, 444, 7548, 12432, 2664, 12432]
[1203, 5798, 7582, 446, 7582, 12488, 2676, 12488]
[1204, 5824, 7616, 448, 7616, 12544, 2688, 12544]
[1205, 5850, 7650, 450, 7650, 12600, 2700, 12600]
[1206, 5876, 7684, 452, 7684, 12656, 2712, 12656]
[1207, 5902, 7718, 454, 7718, 12712, 2724, 12712]
[1208, 5928, 7752, 456, 7752, 12768, 2736, 12768]

1201 5746 7514 442 7514 12376 2652 12376
1202 5772 7548 444 7548 12432 2664 12432
1203 5798 7582 446 7582 12488 2676 12488
1204 5824 7616 448 7616 12544 2688 12544
1205 5850 7650 450 7650 12600 2700 12600
1206 5876 7684 452 7684 12656 2712 12656

9007 23348 30532 1796 30532 50288 10776 50288 307116 13796 20654 5388 74534 85310 26940 84412
9908 25714 33626 1978 33626 55384 11868 55384 338238 14160 22747 5934 82087 93955 29670 92966
9459 24570 32130 1890 32130 52920 11340 52920 323190 13984 21735 5670 78435 89775 28350 88830
9430 24518 32062 1886 32062 52808 11316 52808 322506 13976 21689 5658 78269 89585 28290 88642
9401 24466 31994 1882 31994 52696 11292 52696 321822 13968 21643 5646 78103 89395 28230 88454
9422 24544 32096 1888 32096 52864 11328 52864 322848 13980 21712 5664 78352 89680 28320 88736
9383 24466 31994 1882 31994 52696 11292 52696 321822 13968 21643 5646 78103 89395 28230 88454
9404 24544 32096 1888 32096 52864 11328 52864 322848 13980 21712 5664 78352 89680 28320 88736
9015 23556 30804 1812 30804 50736 10872 50736 309852 13828 20838 5436 75198 86070 27180 85164
9016 23582 30838 1814 30838 50792 10884 50792 310194 13832 20861 5442 75281 86165 27210 85258
9017 23608 30872 1816 30872 50848 10896 50848 310536 13836 20884 5448 75364 86260 27240 85352
9018 23634 30906 1818 30906 50904 10908 50904 310878 13840 20907 5454 75447 86355 27270 85446
9019 23660 30940 1820 30940 50960 10920 50960 311220 13844 20930 5460 75530 86450 27300 85540
9020 23686 30974 1822 30974 51016 10932 51016 311562 13848 20953 5466 75613 86545 27330 85634
9021 23712 31008 1824 31008 51072 10944 51072 311904 13852 20976 5472 75696 86640 27360 85728
9022 23738 31042 1826 31042 51128 10956 51128 312246 13856 20999 5478 75779 86735 27390 85822